0	2.8298	0.0924673	2.98955	0.0848434
1	2.8298	0.0924673	2.98955	0.0848434
2	2.8298	0.0924673	2.98955	0.0848434
3	2.8298	0.0924673	2.98955	0.0848434
4	2.8298	0.0924673	2.98955	0.0848434
5	2.8298	0.0924672	2.98955	0.0848433
6	2.8298	0.0924672	2.98955	0.0848433
7	2.8298	0.0924671	2.98955	0.0848432
8	2.82979	0.092467	2.98954	0.0848431
9	2.82979	0.0924668	2.98954	0.0848429
10	2.82979	0.0924666	2.98954	0.0848427
11	2.82978	0.0924663	2.98953	0.0848424
12	2.82977	0.0924659	2.98952	0.084842
13	2.82977	0.0924654	2.98951	0.0848416
14	2.82975	0.0924648	2.9895	0.084841
15	2.82974	0.0924641	2.98949	0.0848402
16	2.82973	0.0924632	2.98947	0.0848394
17	2.82971	0.0924621	2.98945	0.0848383
18	2.82968	0.0924608	2.98942	0.0848371
19	2.82966	0.0924593	2.9894	0.0848356
20	2.82963	0.0924576	2.98936	0.0848339
21	2.82959	0.0924556	2.98932	0.0848319
22	2.82955	0.0924533	2.98928	0.0848297
23	2.8295	0.0924507	2.98923	0.0848271
24	2.82945	0.0924477	2.98917	0.0848242
25	2.82939	0.0924444	2.9891	0.0848209
26	2.82932	0.0924406	2.98903	0.0848172
27	2.82925	0.0924364	2.98895	0.0848131
28	2.82917	0.0924317	2.98886	0.0848085
29	2.82907	0.0924265	2.98876	0.0848034
30	2.82897	0.0924208	2.98864	0.0847978
31	2.82886	0.0924144	2.98852	0.0847916
32	2.82873	0.0924075	2.98838	0.0847848
33	2.8286	0.0923998	2.98824	0.0847773
34	2.82845	0.0923915	2.98807	0.0847691
35	2.82829	0.0923825	2.9879	0.0847603
36	2.82811	0.0923726	2.98771	0.0847506
37	2.82792	0.092362	2.9875	0.0847402
38	2.82772	0.0923504	2.98727	0.0847288
39	2.8275	0.092338	2.98703	0.0847166
40	2.82726	0.0923245	2.98677	0.0847035
41	2.827	0.0923101	2.98649	0.0846893
42	2.82673	0.0922946	2.98618	0.0846742
43	2.82643	0.092278	2.98586	0.0846579
44	2.82611	0.0922602	2.98552	0.0846405
45	2.82578	0.0922413	2.98515	0.0846219
46	2.82542	0.0922211	2.98475	0.0846021
47	2.82503	0.0921995	2.98433	0.084581
48	2.82462	0.0921766	2.98388	0.0845585
49	2.82419	0.0921523	2.98341	0.0845347
50	2.82373	0.0921265	2.98291	0.0845094
51	2.82324	0.0920991	2.98237	0.0844826
52	2.82273	0.0920702	2.98181	0.0844543
53	2.82218	0.0920397	2.98121	0.0844243
54	2.82161	0.0920074	2.98058	0.0843927
55	2.821	0.0919733	2.97992	0.0843593
56	2.82036	0.0919375	2.97922	0.0843242
57	2.81969	0.0918998	2.97848	0.0842872
58	2.81898	0.0918601	2.97771	0.0842484
59	2.81824	0.0918184	2.97689	0.0842075
60	2.81746	0.0917747	2.97604	0.0841647
61	2.81664	0.0917288	2.97514	0.0841198
62	2.81579	0.0916808	2.97421	0.0840727
63	2.81489	0.0916305	2.97322	0.0840234
64	2.81395	0.0915778	2.9722	0.0839719
65	2.81297	0.0915229	2.97112	0.083918
66	2.81194	0.0914654	2.97	0.0838618
67	2.81087	0.0914055	2.96883	0.0838031
68	2.80975	0.091343	2.9676	0.0837419
69	2.80859	0.0912779	2.96633	0.0836781
70	2.80738	0.0912101	2.965	0.0836117
71	2.80612	0.0911395	2.96362	0.0835426
72	2.80481	0.0910661	2.96219	0.0834707
73	2.80344	0.0909899	2.96069	0.083396
74	2.80202	0.0909107	2.95914	0.0833185
75	2.80055	0.0908285	2.95753	0.083238
76	2.79902	0.0907432	2.95586	0.0831545
77	2.79744	0.0906548	2.95412	0.0830679
78	2.7958	0.0905631	2.95233	0.0829782
79	2.7941	0.0904683	2.95047	0.0828853
80	2.79234	0.0903701	2.94854	0.0827892
81	2.79052	0.0902685	2.94654	0.0826898
82	2.78863	0.0901635	2.94448	0.082587
83	2.78668	0.090055	2.94235	0.0824808
84	2.78467	0.0899429	2.94015	0.0823712
85	2.78259	0.0898272	2.93787	0.082258
86	2.78044	0.0897079	2.93552	0.0821412
87	2.77823	0.0895848	2.9331	0.0820208
88	2.77595	0.0894579	2.9306	0.0818966
89	2.77359	0.0893272	2.92803	0.0817688
90	2.77117	0.0891927	2.92537	0.0816371
91	2.76867	0.0890541	2.92264	0.0815016
92	2.7661	0.0889116	2.91983	0.0813623
93	2.76346	0.088765	2.91693	0.0812189
94	2.76074	0.0886144	2.91396	0.0810716
95	2.75794	0.0884596	2.9109	0.0809203
96	2.75506	0.0883006	2.90775	0.0807649
97	2.75211	0.0881375	2.90452	0.0806054
98	2.74908	0.08797	2.9012	0.0804417
99	2.74597	0.0877983	2.8978	0.0802738
100	2.74277	0.0876222	2.89431	0.0801017
101	2.7395	0.0874417	2.89072	0.0799254
102	2.73614	0.0872568	2.88705	0.0797447
103	2.7327	0.0870674	2.88329	0.0795597
104	2.72917	0.0868736	2.87943	0.0793704
105	2.72556	0.0866753	2.87548	0.0791767
106	2.72186	0.0864724	2.87144	0.0789786
107	2.71808	0.086265	2.8673	0.078776
108	2.71421	0.086053	2.86307	0.0785691
109	2.71025	0.0858364	2.85874	0.0783576
110	2.7062	0.0856152	2.85432	0.0781417
111	2.70207	0.0853893	2.84979	0.0779212
112	2.69784	0.0851588	2.84518	0.0776963
113	2.69353	0.0849237	2.84046	0.0774669
114	2.68912	0.0846839	2.83564	0.0772329
115	2.68463	0.0844394	2.83073	0.0769944
116	2.68004	0.0841902	2.82572	0.0767514
117	2.67536	0.0839363	2.8206	0.0765039
118	2.67059	0.0836778	2.81539	0.0762518
119	2.66573	0.0834147	2.81008	0.0759952
120	2.66078	0.0831468	2.80466	0.0757342
121	2.65573	0.0828743	2.79915	0.0754686
122	2.65059	0.0825972	2.79353	0.0751986
123	2.64536	0.0823154	2.78781	0.0749241
124	2.64003	0.0820291	2.782	0.0746451
125	2.63461	0.0817382	2.77608	0.0743618
126	2.6291	0.0814427	2.77006	0.0740741
127	2.6235	0.0811427	2.76394	0.073782
128	2.61781	0.0808381	2.75772	0.0734855
129	2.61202	0.0805292	2.7514	0.0731848
130	2.60614	0.0802158	2.74497	0.0728798
131	2.60016	0.0798979	2.73845	0.0725706
132	2.5941	0.0795758	2.73183	0.0722572
133	2.58795	0.0792493	2.72511	0.0719397
134	2.5817	0.0789186	2.71829	0.0716181
135	2.57536	0.0785837	2.71137	0.0712925
136	2.56894	0.0782446	2.70436	0.0709629
137	2.56242	0.0779014	2.69725	0.0706293
138	2.55582	0.0775541	2.69004	0.0702919
139	2.54912	0.0772029	2.68273	0.0699507
140	2.54234	0.0768477	2.67533	0.0696057
141	2.53547	0.0764887	2.66784	0.0692571
142	2.52852	0.0761259	2.66025	0.0689048
143	2.52148	0.0757593	2.65257	0.068549
144	2.51436	0.0753891	2.6448	0.0681897
145	2.50715	0.0750154	2.63693	0.067827
146	2.49986	0.0746381	2.62898	0.067461
147	2.49248	0.0742574	2.62094	0.0670918
148	2.48503	0.0738734	2.61281	0.0667194
149	2.4775	0.0734862	2.60459	0.066344
150	2.46988	0.0730957	2.59629	0.0659655
151	2.46219	0.0727022	2.5879	0.0655842
152	2.45443	0.0723057	2.57943	0.0652
153	2.44658	0.0719063	2.57088	0.0648131
154	2.43867	0.0715041	2.56225	0.0644235
155	2.43068	0.0710992	2.55354	0.0640315
156	2.42261	0.0706916	2.54476	0.0636369
157	2.41448	0.0702816	2.53589	0.0632401
158	2.40628	0.0698691	2.52695	0.0628409
159	2.39801	0.0694543	2.51794	0.0624397
160	2.38968	0.0690372	2.50886	0.0620363
161	2.38128	0.0686181	2.49971	0.061631
162	2.37281	0.068197	2.49049	0.0612239
163	2.36429	0.0677739	2.4812	0.060815
164	2.3557	0.067349	2.47185	0.0604044
165	2.34705	0.0669224	2.46243	0.0599923
166	2.33835	0.0664943	2.45295	0.0595788
167	2.32959	0.0660646	2.44341	0.0591639
168	2.32078	0.0656336	2.43382	0.0587478
169	2.31191	0.0652013	2.42416	0.0583306
170	2.303	0.0647678	2.41446	0.0579123
171	2.29403	0.0643333	2.4047	0.0574931
172	2.28502	0.0638978	2.39488	0.0570731
173	2.27596	0.0634614	2.38502	0.0566524
174	2.26686	0.0630243	2.37512	0.056231
175	2.25771	0.0625866	2.36516	0.0558092
176	2.24852	0.0621484	2.35517	0.0553869
177	2.2393	0.0617097	2.34513	0.0549644
178	2.23003	0.0612707	2.33505	0.0545417
179	2.22073	0.0608315	2.32493	0.0541188
180	2.2114	0.0603922	2.31478	0.053696
181	2.20203	0.0599529	2.30459	0.0532733
182	2.19264	0.0595136	2.29437	0.0528507
183	2.18321	0.0590746	2.28413	0.0524285
184	2.17376	0.0586359	2.27385	0.0520067
185	2.16428	0.0581975	2.26354	0.0515853
186	2.15478	0.0577597	2.25321	0.0511646
187	2.14526	0.0573224	2.24286	0.0507445
188	2.13572	0.0568858	2.23249	0.0503252
189	2.12616	0.0564499	2.2221	0.0499067
190	2.11658	0.056015	2.21169	0.0494892
191	2.10699	0.055581	2.20127	0.0490727
192	2.09738	0.055148	2.19083	0.0486574
193	2.08776	0.0547161	2.18038	0.0482432
194	2.07814	0.0542855	2.16992	0.0478303
195	2.0685	0.0538561	2.15946	0.0474188
196	2.05886	0.0534282	2.14899	0.0470087
197	2.04921	0.0530017	2.13851	0.0466002
198	2.03956	0.0525767	2.12803	0.0461932
199	2.02991	0.0521533	2.11755	0.0457879
200	2.02026	0.0517316	2.10707	0.0453843
201	2.0106	0.0513116	2.09659	0.0449826
202	2.00096	0.0508935	2.08612	0.0445827
203	1.99131	0.0504773	2.07566	0.0441847
204	1.98168	0.050063	2.0652	0.0437887
205	1.97205	0.0496507	2.05475	0.0433948
206	1.96242	0.0492405	2.04431	0.043003
207	1.95281	0.0488325	2.03388	0.0426134
208	1.94321	0.0484266	2.02347	0.042226
209	1.93363	0.048023	2.01308	0.0418409
210	1.92406	0.0476217	2.0027	0.0414581
211	1.9145	0.0472227	1.99234	0.0410778
212	1.90496	0.0468262	1.98199	0.0406998
213	1.89544	0.0464321	1.97168	0.0403243
214	1.88594	0.0460405	1.96138	0.0399513
215	1.87647	0.0456514	1.9511	0.0395809
216	1.86701	0.045265	1.94086	0.039213
217	1.85758	0.0448811	1.93064	0.0388478
218	1.84817	0.0444999	1.92044	0.0384853
219	1.83879	0.0441214	1.91028	0.0381254
220	1.82943	0.0437456	1.90015	0.0377683
221	1.8201	0.0433725	1.89004	0.037414
222	1.8108	0.0430023	1.87998	0.0370624
223	1.80153	0.0426349	1.86994	0.0367136
224	1.7923	0.0422702	1.85994	0.0363677
225	1.78309	0.0419085	1.84998	0.0360247
226	1.77392	0.0415496	1.84005	0.0356845
227	1.76478	0.0411937	1.83016	0.0353472
228	1.75568	0.0408406	1.82031	0.0350128
229	1.74661	0.0404905	1.8105	0.0346813
230	1.73758	0.0401434	1.80073	0.0343528
231	1.72859	0.0397992	1.79101	0.0340272
232	1.71963	0.039458	1.78132	0.0337046
233	1.71072	0.0391198	1.77168	0.033385
234	1.70184	0.0387846	1.76209	0.0330684
235	1.693	0.0384524	1.75254	0.0327547
236	1.68421	0.0381232	1.74303	0.032444
237	1.67546	0.037797	1.73357	0.0321363
238	1.66674	0.0374739	1.72416	0.0318317
239	1.65808	0.0371538	1.7148	0.03153
240	1.64945	0.0368367	1.70549	0.0312313
241	1.64087	0.0365226	1.69622	0.0309356
242	1.63234	0.0362115	1.68701	0.0306429
243	1.62385	0.0359035	1.67784	0.0303532
244	1.61541	0.0355985	1.66873	0.0300664
245	1.60701	0.0352965	1.65967	0.0297827
246	1.59866	0.0349975	1.65066	0.0295019
247	1.59036	0.0347015	1.6417	0.0292241
248	1.5821	0.0344085	1.6328	0.0289492
249	1.5739	0.0341185	1.62395	0.0286773
250	1.56574	0.0338314	1.61515	0.0284083
251	1.55763	0.0335473	1.60641	0.0281422
252	1.54957	0.0332662	1.59772	0.0278791
253	1.54156	0.032988	1.58908	0.0276188
254	1.5336	0.0327128	1.5805	0.0273614
255	1.52568	0.0324404	1.57198	0.0271069
256	1.51782	0.032171	1.56351	0.0268553
257	1.51001	0.0319044	1.5551	0.0266064
258	1.50225	0.0316407	1.54674	0.0263604
259	1.49454	0.0313799	1.53844	0.0261172
260	1.48688	0.0311218	1.5302	0.0258768
261	1.47928	0.0308667	1.52201	0.0256392
262	1.47172	0.0306143	1.51388	0.0254043
263	1.46422	0.0303647	1.50581	0.0251721
264	1.45676	0.0301178	1.49779	0.0249426
265	1.44936	0.0298738	1.48983	0.0247159
266	1.44201	0.0296324	1.48193	0.0244918
267	1.43472	0.0293937	1.47409	0.0242703
268	1.42747	0.0291578	1.4663	0.0240515
269	1.42028	0.0289245	1.45857	0.0238353
270	1.41314	0.0286938	1.4509	0.0236216
271	1.40605	0.0284658	1.44328	0.0234106
272	1.39901	0.0282404	1.43572	0.023202
273	1.39203	0.0280175	1.42822	0.022996
274	1.38509	0.0277972	1.42078	0.0227925
275	1.37821	0.0275795	1.41339	0.0225915
276	1.37138	0.0273643	1.40606	0.0223929
277	1.3646	0.0271515	1.39879	0.0221968
278	1.35788	0.0269413	1.39158	0.022003
279	1.35121	0.0267335	1.38442	0.0218117
280	1.34458	0.0265281	1.37732	0.0216227
281	1.33801	0.0263251	1.37027	0.021436
282	1.33149	0.0261245	1.36328	0.0212516
283	1.32503	0.0259263	1.35635	0.0210696
284	1.31861	0.0257304	1.34948	0.0208898
285	1.31224	0.0255368	1.34266	0.0207122
286	1.30593	0.0253455	1.3359	0.0205369
287	1.29966	0.0251565	1.32919	0.0203638
288	1.29345	0.0249697	1.32254	0.0201928
289	1.28729	0.0247851	1.31594	0.020024
290	1.28118	0.0246028	1.3094	0.0198573
291	1.27511	0.0244226	1.30291	0.0196927
292	1.2691	0.0242445	1.29648	0.0195302
293	1.26314	0.0240686	1.29011	0.0193697
294	1.25723	0.0238949	1.28378	0.0192113
295	1.25136	0.0237232	1.27752	0.0190549
296	1.24555	0.0235535	1.2713	0.0189005
297	1.23979	0.0233859	1.26514	0.018748
298	1.23407	0.0232203	1.25903	0.0185975
299	1.2284	0.0230568	1.25298	0.0184489
300	1.22278	0.0228952	1.24698	0.0183022
301	1.21721	0.0227355	1.24103	0.0181574
302	1.21169	0.0225778	1.23514	0.0180144
303	1.20621	0.022422	1.22929	0.0178733
304	1.20079	0.0222681	1.2235	0.017734
305	1.19541	0.022116	1.21776	0.0175964
306	1.19007	0.0219658	1.21207	0.0174607
307	1.18479	0.0218174	1.20644	0.0173266
308	1.17955	0.0216709	1.20085	0.0171943
309	1.17435	0.0215261	1.19531	0.0170637
310	1.16921	0.0213831	1.18983	0.0169348
311	1.1641	0.0212418	1.18439	0.0168076
312	1.15905	0.0211022	1.179	0.0166819
313	1.15404	0.0209644	1.17367	0.0165579
314	1.14907	0.0208282	1.16838	0.0164356
315	1.14415	0.0206937	1.16314	0.0163147
316	1.13927	0.0205609	1.15795	0.0161955
317	1.13444	0.0204296	1.15281	0.0160778
318	1.12965	0.0203	1.14771	0.0159616
319	1.12491	0.020172	1.14267	0.0158469
320	1.1202	0.0200455	1.13767	0.0157337
321	1.11555	0.0199206	1.13271	0.015622
322	1.11093	0.0197972	1.12781	0.0155117
323	1.10636	0.0196753	1.12295	0.0154029
324	1.10183	0.0195549	1.11813	0.0152955
325	1.09734	0.019436	1.11336	0.0151894
326	1.09289	0.0193186	1.10864	0.0150848
327	1.08849	0.0192026	1.10396	0.0149815
328	1.08413	0.0190881	1.09933	0.0148795
329	1.0798	0.0189749	1.09474	0.0147789
330	1.07552	0.0188631	1.0902	0.0146795
331	1.07128	0.0187528	1.0857	0.0145815
332	1.06708	0.0186437	1.08124	0.0144847
333	1.06292	0.0185361	1.07683	0.0143892
334	1.0588	0.0184297	1.07246	0.014295
335	1.05472	0.0183247	1.06813	0.0142019
336	1.05067	0.0182209	1.06384	0.0141101
337	1.04667	0.0181185	1.0596	0.0140195
338	1.0427	0.0180173	1.0554	0.01393
339	1.03878	0.0179173	1.05124	0.0138418
340	1.03489	0.0178186	1.04712	0.0137546
341	1.03104	0.0177211	1.04304	0.0136687
342	1.02723	0.0176248	1.03901	0.0135838
343	1.02345	0.0175298	1.03501	0.0135
344	1.01971	0.0174358	1.03105	0.0134174
345	1.01601	0.0173431	1.02714	0.0133358
346	1.01235	0.0172515	1.02326	0.0132553
347	1.00872	0.0171611	1.01942	0.0131758
348	1.00513	0.0170717	1.01562	0.0130974
349	1.00157	0.0169835	1.01186	0.01302
350	0.998047	0.0168964	1.00814	0.0129436
351	0.994561	0.0168103	1.00445	0.0128682
352	0.991111	0.0167254	1.00081	0.0127938
353	0.987695	0.0166415	0.997199	0.0127204
354	0.984313	0.0165586	0.993627	0.0126479
355	0.980966	0.0164768	0.990092	0.0125764
356	0.977654	0.016396	0.986594	0.0125059
357	0.974375	0.0163162	0.983132	0.0124362
358	0.971129	0.0162374	0.979706	0.0123675
359	0.967917	0.0161596	0.976316	0.0122997
360	0.964738	0.0160828	0.972962	0.0122328
361	0.961592	0.016007	0.969643	0.0121668
362	0.958479	0.0159321	0.966359	0.0121016
363	0.955399	0.0158581	0.96311	0.0120373
364	0.95235	0.0157851	0.959895	0.0119738
365	0.949334	0.015713	0.956715	0.0119112
366	0.946349	0.0156418	0.953569	0.0118494
367	0.943396	0.0155715	0.950457	0.0117885
368	0.940474	0.0155021	0.947378	0.0117283
369	0.937583	0.0154336	0.944333	0.011669
370	0.934724	0.015366	0.94132	0.0116104
371	0.931895	0.0152992	0.938341	0.0115526
372	0.929096	0.0152333	0.935394	0.0114956
373	0.926328	0.0151682	0.932479	0.0114394
374	0.92359	0.015104	0.929597	0.0113839
375	0.920881	0.0150405	0.926747	0.0113291
376	0.918203	0.0149779	0.923928	0.0112751
377	0.915553	0.0149161	0.92114	0.0112218
378	0.912933	0.0148551	0.918384	0.0111693
379	0.910342	0.0147949	0.915659	0.0111174
380	0.90778	0.0147355	0.912964	0.0110663
381	0.905247	0.0146768	0.910301	0.0110158
382	0.902742	0.014619	0.907667	0.010966
383	0.900265	0.0145618	0.905064	0.0109169
384	0.897816	0.0145054	0.90249	0.0108685
385	0.895395	0.0144498	0.899946	0.0108207
386	0.893002	0.0143949	0.897432	0.0107736
387	0.890637	0.0143407	0.894947	0.0107272
388	0.888299	0.0142872	0.892491	0.0106813
389	0.885987	0.0142345	0.890064	0.0106361
390	0.883703	0.0141824	0.887665	0.0105916
391	0.881446	0.0141311	0.885296	0.0105476
392	0.879215	0.0140804	0.882954	0.0105043
393	0.877011	0.0140304	0.88064	0.0104616
394	0.874833	0.0139811	0.878355	0.0104194
395	0.872681	0.0139325	0.876097	0.0103779
396	0.870555	0.0138845	0.873866	0.0103369
397	0.868455	0.0138372	0.871663	0.0102966
398	0.866381	0.0137905	0.869488	0.0102568
399	0.864331	0.0137445	0.867339	0.0102175
400	0.862308	0.0136991	0.865217	0.0101789
401	0.860309	0.0136543	0.863121	0.0101408
402	0.858335	0.0136102	0.861052	0.0101032
403	0.856386	0.0135666	0.85901	0.0100662
404	0.854462	0.0135237	0.856993	0.0100297
405	0.852563	0.0134814	0.855002	0.00999372
406	0.850687	0.0134397	0.853038	0.00995829
407	0.848836	0.0133986	0.851098	0.00992339
408	0.847009	0.0133581	0.849185	0.009889
409	0.845206	0.0133182	0.847296	0.00985512
410	0.843427	0.0132788	0.845433	0.00982175
411	0.841671	0.01324	0.843595	0.00978888
412	0.839939	0.0132018	0.841781	0.00975651
413	0.838231	0.0131642	0.839993	0.00972463
414	0.836545	0.0131271	0.838229	0.00969323
415	0.834883	0.0130906	0.836489	0.00966232
416	0.833244	0.0130546	0.834773	0.00963188
417	0.831627	0.0130191	0.833082	0.00960192
418	0.830033	0.0129842	0.831414	0.00957243
419	0.828462	0.0129499	0.829771	0.0095434
420	0.826914	0.0129161	0.828151	0.00951483
421	0.825387	0.0128828	0.826555	0.00948672
422	0.823883	0.01285	0.824982	0.00945905
423	0.822402	0.0128177	0.823432	0.00943184
424	0.820942	0.012786	0.821906	0.00940507
425	0.819504	0.0127547	0.820403	0.00937874
426	0.818088	0.012724	0.818922	0.00935285
427	0.816693	0.0126938	0.817465	0.00932739
428	0.81532	0.012664	0.81603	0.00930235
429	0.813969	0.0126348	0.814618	0.00927775
430	0.812639	0.0126061	0.813228	0.00925356
431	0.81133	0.0125778	0.81186	0.00922979
432	0.810042	0.01255	0.810515	0.00920644
433	0.808775	0.0125227	0.809192	0.0091835
434	0.80753	0.0124959	0.80789	0.00916097
435	0.806305	0.0124696	0.806611	0.00913884
436	0.805101	0.0124437	0.805354	0.00911711
437	0.803917	0.0124183	0.804118	0.00909578
438	0.802755	0.0123934	0.802904	0.00907485
439	0.801612	0.0123689	0.801711	0.00905431
440	0.80049	0.0123449	0.800539	0.00903416
441	0.799388	0.0123213	0.799389	0.0090144
442	0.798307	0.0122982	0.79826	0.00899502
443	0.797246	0.0122755	0.797153	0.00897602
444	0.796204	0.0122533	0.796066	0.0089574
445	0.795183	0.0122315	0.795	0.00893916
446	0.794182	0.0122102	0.793955	0.00892129
447	0.7932	0.0121893	0.792931	0.0089038
448	0.792238	0.0121688	0.791927	0.00888667
449	0.791296	0.0121488	0.790944	0.00886991
450	0.790373	0.0121292	0.789981	0.00885351
451	0.78947	0.01211	0.789039	0.00883747
452	0.788586	0.0120912	0.788118	0.0088218
453	0.787722	0.0120729	0.787216	0.00880648
454	0.786877	0.012055	0.786335	0.00879152
455	0.786051	0.0120375	0.785473	0.00877691
456	0.785244	0.0120205	0.784632	0.00876265
457	0.784457	0.0120038	0.783811	0.00874874
458	0.783688	0.0119876	0.78301	0.00873517
459	0.782939	0.0119717	0.782228	0.00872196
460	0.782208	0.0119563	0.781467	0.00870909
461	0.781497	0.0119413	0.780725	0.00869655
462	0.780804	0.0119267	0.780003	0.00868436
463	0.78013	0.0119125	0.7793	0.00867251
464	0.779475	0.0118987	0.778617	0.008661
465	0.778838	0.0118853	0.777953	0.00864982
466	0.77822	0.0118722	0.777309	0.00863897
467	0.77762	0.0118596	0.776684	0.00862846
468	0.777039	0.0118474	0.776079	0.00861827
469	0.776477	0.0118356	0.775492	0.00860842
470	0.775933	0.0118242	0.774925	0.0085989
471	0.775407	0.0118131	0.774378	0.0085897
472	0.7749	0.0118025	0.773849	0.00858083
473	0.774411	0.0117922	0.773339	0.00857228
474	0.77394	0.0117823	0.772849	0.00856406
475	0.773487	0.0117728	0.772377	0.00855616
476	0.773053	0.0117637	0.771925	0.00854857
477	0.772637	0.011755	0.771491	0.00854132
478	0.772239	0.0117467	0.771077	0.00853437
479	0.771859	0.0117387	0.770681	0.00852775
480	0.771497	0.0117311	0.770304	0.00852145
481	0.771153	0.0117239	0.769946	0.00851546
482	0.770827	0.0117171	0.769606	0.00850979
483	0.77052	0.0117107	0.769286	0.00850443
484	0.77023	0.0117046	0.768984	0.00849939
485	0.769958	0.0116989	0.768701	0.00849466
486	0.769704	0.0116936	0.768436	0.00849024
487	0.769468	0.0116887	0.76819	0.00848614
488	0.76925	0.0116841	0.767963	0.00848234
489	0.769049	0.0116799	0.767754	0.00847886
490	0.768867	0.0116761	0.767564	0.00847569
491	0.768702	0.0116727	0.767393	0.00847283
492	0.768556	0.0116696	0.76724	0.00847028
493	0.768427	0.0116669	0.767106	0.00846805
494	0.768315	0.0116646	0.76699	0.00846612
495	0.768222	0.0116627	0.766893	0.00846449
496	0.768146	0.0116611	0.766814	0.00846318
497	0.768089	0.0116599	0.766754	0.00846218
498	0.768049	0.011659	0.766712	0.00846149
499	0.768026	0.0116586	0.766689	0.0084611
500	3.02532	0.0866712	0.418166	0.0167
501	3.02532	0.0866712	0.418166	0.0167
502	3.02532	0.0866712	0.418166	0.0167
503	3.02532	0.0866711	0.418166	0.0167
504	3.02532	0.0866711	0.418166	0.0166999
505	3.02532	0.0866711	0.418166	0.0166999
506	3.02532	0.086671	0.418166	0.0166999
507	3.02532	0.0866709	0.418166	0.0166999
508	3.02532	0.0866708	0.418165	0.0166999
509	3.02531	0.0866706	0.418165	0.0166999
510	3.02531	0.0866704	0.418165	0.0166999
511	3.0253	0.08667	0.418164	0.0166998
512	3.02529	0.0866696	0.418163	0.0166998
513	3.02528	0.086669	0.418162	0.0166997
514	3.02527	0.0866683	0.418161	0.0166996
515	3.02525	0.0866675	0.41816	0.0166995
516	3.02523	0.0866665	0.418158	0.0166994
517	3.02521	0.0866652	0.418156	0.0166993
518	3.02518	0.0866638	0.418153	0.0166991
519	3.02515	0.0866621	0.41815	0.0166989
520	3.02511	0.0866601	0.418147	0.0166987
521	3.02506	0.0866579	0.418143	0.0166984
522	3.02501	0.0866552	0.418138	0.0166981
523	3.02495	0.0866523	0.418133	0.0166977
524	3.02489	0.0866489	0.418127	0.0166974
525	3.02481	0.0866451	0.41812	0.0166969
526	3.02473	0.0866408	0.418113	0.0166964
527	3.02463	0.086636	0.418105	0.0166959
528	3.02453	0.0866307	0.418095	0.0166952
529	3.02441	0.0866247	0.418085	0.0166945
530	3.02428	0.0866182	0.418073	0.0166938
531	3.02414	0.086611	0.418061	0.0166929
532	3.02399	0.0866031	0.418047	0.016692
533	3.02382	0.0865944	0.418032	0.016691
534	3.02363	0.086585	0.418015	0.0166899
535	3.02343	0.0865747	0.417997	0.0166887
536	3.02321	0.0865635	0.417978	0.0166874
537	3.02297	0.0865513	0.417957	0.016686
538	3.02271	0.0865382	0.417934	0.0166844
539	3.02243	0.086524	0.417909	0.0166828
540	3.02213	0.0865088	0.417882	0.016681
541	3.02181	0.0864924	0.417853	0.0166791
542	3.02146	0.0864748	0.417823	0.016677
543	3.02109	0.0864559	0.41779	0.0166748
544	3.02069	0.0864357	0.417754	0.0166725
545	3.02027	0.0864141	0.417717	0.01667
546	3.01981	0.0863911	0.417676	0.0166673
547	3.01933	0.0863666	0.417633	0.0166644
548	3.01882	0.0863406	0.417588	0.0166614
549	3.01827	0.086313	0.417539	0.0166582
550	3.0177	0.0862836	0.417488	0.0166547
551	3.01708	0.0862526	0.417434	0.0166511
552	3.01644	0.0862197	0.417376	0.0166473
553	3.01575	0.086185	0.417315	0.0166432
554	3.01503	0.0861483	0.417251	0.016639
555	3.01427	0.0861097	0.417183	0.0166344
556	3.01346	0.086069	0.417112	0.0166297
557	3.01262	0.0860261	0.417037	0.0166247
558	3.01173	0.0859811	0.416958	0.0166194
559	3.0108	0.0859337	0.416875	0.0166139
560	3.00982	0.0858841	0.416787	0.0166081
561	3.00879	0.085832	0.416696	0.016602
562	3.00771	0.0857775	0.4166	0.0165957
563	3.00659	0.0857205	0.4165	0.016589
564	3.00541	0.0856608	0.416395	0.016582
565	3.00418	0.0855984	0.416285	0.0165747
566	3.00289	0.0855333	0.416171	0.0165671
567	3.00155	0.0854654	0.416051	0.0165592
568	3.00015	0.0853945	0.415927	0.0165509
569	2.99869	0.0853207	0.415797	0.0165423
570	2.99717	0.0852439	0.415661	0.0165333
571	2.99558	0.085164	0.41552	0.016524
572	2.99394	0.0850809	0.415374	0.0165143
573	2.99223	0.0849946	0.415221	0.0165042
574	2.99045	0.0849049	0.415063	0.0164937
575	2.98861	0.0848119	0.414899	0.0164828
576	2.98669	0.0847154	0.414728	0.0164715
577	2.98471	0.0846154	0.414551	0.0164598
578	2.98265	0.0845118	0.414368	0.0164477
579	2.98052	0.0844046	0.414178	0.0164351
580	2.97832	0.0842937	0.413981	0.0164222
581	2.97604	0.084179	0.413777	0.0164087
582	2.97368	0.0840604	0.413567	0.0163948
583	2.97124	0.0839379	0.413349	0.0163805
584	2.96873	0.0838115	0.413124	0.0163657
585	2.96613	0.083681	0.412892	0.0163504
586	2.96344	0.0835465	0.412653	0.0163346
587	2.96068	0.0834078	0.412405	0.0163183
588	2.95782	0.0832649	0.41215	0.0163016
589	2.95489	0.0831178	0.411887	0.0162843
590	2.95186	0.0829663	0.411616	0.0162665
591	2.94874	0.0828105	0.411337	0.0162483
592	2.94553	0.0826503	0.41105	0.0162294
593	2.94223	0.0824856	0.410755	0.0162101
594	2.93884	0.0823164	0.410451	0.0161902
595	2.93536	0.0821426	0.410138	0.0161698
596	2.93177	0.0819643	0.409817	0.0161488
597	2.9281	0.0817813	0.409488	0.0161273
598	2.92432	0.0815937	0.409149	0.0161052
599	2.92045	0.0814013	0.408801	0.0160825
600	2.91648	0.0812042	0.408444	0.0160593
601	2.9124	0.0810023	0.408078	0.0160355
602	2.90823	0.0807956	0.407703	0.0160111
603	2.90395	0.080584	0.407319	0.0159862
604	2.89957	0.0803676	0.406925	0.0159606
605	2.89509	0.0801463	0.406521	0.0159345
606	2.89051	0.0799201	0.406108	0.0159078
607	2.88581	0.079689	0.405686	0.0158805
608	2.88102	0.079453	0.405253	0.0158525
609	2.87611	0.079212	0.404811	0.015824
610	2.8711	0.0789661	0.404359	0.0157949
611	2.86599	0.0787152	0.403896	0.0157652
612	2.86076	0.0784594	0.403424	0.0157348
613	2.85543	0.0781986	0.402942	0.0157039
614	2.84999	0.0779328	0.40245	0.0156723
615	2.84443	0.0776621	0.401947	0.0156401
616	2.83877	0.0773864	0.401434	0.0156074
617	2.833	0.0771059	0.400911	0.015574
618	2.82712	0.0768204	0.400378	0.01554
619	2.82114	0.07653	0.399834	0.0155054
620	2.81504	0.0762348	0.39928	0.0154701
621	2.80883	0.0759347	0.398715	0.0154343
622	2.80251	0.0756298	0.39814	0.0153979
623	2.79608	0.0753202	0.397555	0.0153608
624	2.78954	0.0750058	0.396959	0.0153232
625	2.7829	0.0746867	0.396353	0.0152849
626	2.77614	0.0743629	0.395736	0.0152461
627	2.76928	0.0740345	0.395109	0.0152066
628	2.7623	0.0737015	0.394471	0.0151666
629	2.75522	0.0733641	0.393823	0.0151259
630	2.74804	0.0730221	0.393164	0.0150847
631	2.74074	0.0726758	0.392495	0.0150429
632	2.73334	0.0723251	0.391815	0.0150006
633	2.72583	0.0719701	0.391125	0.0149576
634	2.71822	0.0716109	0.390425	0.0149141
635	2.71051	0.0712476	0.389715	0.0148701
636	2.70269	0.0708802	0.388994	0.0148255
637	2.69477	0.0705088	0.388263	0.0147803
638	2.68675	0.0701335	0.387521	0.0147346
639	2.67863	0.0697544	0.38677	0.0146884
640	2.6704	0.0693715	0.386009	0.0146416
641	2.66208	0.0689849	0.385237	0.0145943
642	2.65367	0.0685948	0.384456	0.0145465
643	2.64515	0.0682012	0.383664	0.0144982
644	2.63655	0.0678042	0.382863	0.0144494
645	2.62785	0.0674039	0.382052	0.0144001
646	2.61905	0.0670004	0.381232	0.0143503
647	2.61017	0.0665938	0.380402	0.0143001
648	2.6012	0.0661842	0.379562	0.0142494
649	2.59214	0.0657718	0.378713	0.0141982
650	2.58299	0.0653565	0.377855	0.0141466
651	2.57376	0.0649386	0.376988	0.0140946
652	2.56445	0.0645181	0.376111	0.0140421
653	2.55506	0.0640951	0.375226	0.0139892
654	2.54558	0.0636698	0.374332	0.013936
655	2.53603	0.0632423	0.373429	0.0138823
656	2.5264	0.0628126	0.372517	0.0138282
657	2.5167	0.062381	0.371597	0.0137738
658	2.50693	0.0619474	0.370669	0.013719
659	2.49708	0.0615121	0.369732	0.0136638
660	2.48717	0.0610751	0.368787	0.0136084
661	2.47719	0.0606366	0.367835	0.0135525
662	2.46715	0.0601967	0.366874	0.0134964
663	2.45704	0.0597554	0.365906	0.0134399
664	2.44687	0.059313	0.36493	0.0133832
665	2.43664	0.0588696	0.363947	0.0133262
666	2.42636	0.0584252	0.362956	0.0132689
667	2.41602	0.0579799	0.361959	0.0132113
668	2.40563	0.057534	0.360954	0.0131535
669	2.39519	0.0570874	0.359943	0.0130954
670	2.3847	0.0566404	0.358925	0.0130371
671	2.37417	0.056193	0.3579	0.0129787
672	2.36359	0.0557454	0.35687	0.0129199
673	2.35297	0.0552977	0.355833	0.0128611
674	2.3423	0.0548499	0.35479	0.012802
675	2.33161	0.0544023	0.353741	0.0127427
676	2.32087	0.0539549	0.352687	0.0126833
677	2.3101	0.0535078	0.351627	0.0126238
678	2.2993	0.0530611	0.350561	0.0125641
679	2.28847	0.0526149	0.349491	0.0125043
680	2.27762	0.0521695	0.348415	0.0124444
681	2.26674	0.0517247	0.347335	0.0123843
682	2.25584	0.0512808	0.34625	0.0123242
683	2.24491	0.0508379	0.34516	0.012264
684	2.23397	0.050396	0.344067	0.0122038
685	2.22301	0.0499553	0.342969	0.0121435
686	2.21204	0.0495158	0.341867	0.0120831
687	2.20105	0.0490777	0.340761	0.0120227
688	2.19006	0.048641	0.339651	0.0119623
689	2.17905	0.0482058	0.338539	0.0119019
690	2.16804	0.0477723	0.337422	0.0118414
691	2.15703	0.0473404	0.336303	0.011781
692	2.14601	0.0469104	0.335181	0.0117206
693	2.13499	0.0464821	0.334056	0.0116602
694	2.12398	0.0460559	0.332928	0.0115998
695	2.11297	0.0456316	0.331798	0.0115395
696	2.10196	0.0452095	0.330666	0.0114793
697	2.09096	0.0447895	0.329531	0.0114191
698	2.07997	0.0443717	0.328395	0.011359
699	2.06899	0.0439562	0.327257	0.011299
700	2.05803	0.0435431	0.326117	0.011239
701	2.04707	0.0431324	0.324976	0.0111792
702	2.03614	0.0427243	0.323833	0.0111195
703	2.02522	0.0423186	0.32269	0.0110599
704	2.01432	0.0419156	0.321545	0.0110004
705	2.00344	0.0415152	0.320399	0.0109411
706	1.99259	0.0411175	0.319253	0.0108819
707	1.98176	0.0407226	0.318107	0.0108228
708	1.97095	0.0403304	0.31696	0.0107639
709	1.96018	0.0399411	0.315812	0.0107052
710	1.94943	0.0395547	0.314665	0.0106466
711	1.93871	0.0391712	0.313518	0.0105883
712	1.92802	0.0387907	0.312371	0.0105301
713	1.91737	0.0384132	0.311225	0.0104721
714	1.90675	0.0380387	0.310079	0.0104143
715	1.89617	0.0376672	0.308933	0.0103567
716	1.88562	0.0372988	0.307789	0.0102993
717	1.87511	0.0369336	0.306645	0.0102422
718	1.86464	0.0365714	0.305503	0.0101852
719	1.85421	0.0362125	0.304361	0.0101285
720	1.84382	0.0358567	0.303221	0.010072
721	1.83348	0.0355041	0.302083	0.0100158
722	1.82317	0.0351547	0.300946	0.0099598
723	1.81292	0.0348085	0.299811	0.00990406
724	1.8027	0.0344655	0.298678	0.00984858
725	1.79254	0.0341259	0.297546	0.00979335
726	1.78242	0.0337894	0.296417	0.00973839
727	1.77235	0.0334563	0.29529	0.00968369
728	1.76233	0.0331264	0.294165	0.00962927
729	1.75236	0.0327997	0.293042	0.00957512
730	1.74244	0.0324764	0.291923	0.00952125
731	1.73258	0.0321563	0.290805	0.00946767
732	1.72276	0.0318395	0.289691	0.00941437
733	1.713	0.031526	0.288579	0.00936136
734	1.70329	0.0312158	0.28747	0.00930865
735	1.69364	0.0309088	0.286365	0.00925623
736	1.68404	0.0306051	0.285262	0.00920411
737	1.67449	0.0303046	0.284163	0.00915229
738	1.66501	0.0300074	0.283067	0.00910078
739	1.65558	0.0297134	0.281974	0.00904957
740	1.6462	0.0294226	0.280885	0.00899868
741	1.63688	0.0291351	0.279799	0.00894809
742	1.62763	0.0288507	0.278717	0.00889781
743	1.61843	0.0285696	0.277639	0.00884786
744	1.60928	0.0282916	0.276565	0.00879821
745	1.6002	0.0280168	0.275494	0.00874889
746	1.59118	0.0277451	0.274428	0.00869989
747	1.58222	0.0274766	0.273365	0.00865121
748	1.57331	0.0272112	0.272307	0.00860285
749	1.56447	0.0269488	0.271253	0.00855481
750	1.55569	0.0266895	0.270203	0.0085071
751	1.54697	0.0264333	0.269157	0.00845972
752	1.53831	0.0261801	0.268116	0.00841266
753	1.52971	0.0259299	0.267079	0.00836593
754	1.52117	0.0256828	0.266046	0.00831953
755	1.51269	0.0254385	0.265018	0.00827345
756	1.50428	0.0251973	0.263995	0.00822771
757	1.49592	0.0249589	0.262976	0.0081823
758	1.48763	0.0247234	0.261962	0.00813721
759	1.4794	0.0244909	0.260953	0.00809246
760	1.47123	0.0242611	0.259949	0.00804803
761	1.46313	0.0240342	0.258949	0.00800394
762	1.45508	0.0238101	0.257954	0.00796018
763	1.4471	0.0235888	0.256965	0.00791674
764	1.43918	0.0233702	0.25598	0.00787364
765	1.43132	0.0231544	0.255	0.00783087
766	1.42352	0.0229412	0.254025	0.00778842
767	1.41578	0.0227308	0.253055	0.00774631
768	1.4081	0.0225229	0.25209	0.00770452
769	1.40049	0.0223177	0.251131	0.00766306
770	1.39294	0.0221151	0.250176	0.00762193
771	1.38545	0.0219151	0.249227	0.00758112
772	1.37802	0.0217176	0.248283	0.00754064
773	1.37065	0.0215226	0.247344	0.00750048
774	1.36334	0.0213301	0.246411	0.00746065
775	1.35609	0.0211401	0.245483	0.00742114
776	1.3489	0.0209525	0.24456	0.00738196
777	1.34177	0.0207673	0.243642	0.00734309
778	1.33471	0.0205846	0.24273	0.00730455
779	1.3277	0.0204041	0.241823	0.00726632
780	1.32075	0.020226	0.240921	0.00722841
781	1.31386	0.0200502	0.240025	0.00719082
782	1.30703	0.0198767	0.239134	0.00715354
783	1.30026	0.0197054	0.238249	0.00711658
784	1.29354	0.0195364	0.237369	0.00707993
785	1.28689	0.0193695	0.236495	0.0070436
786	1.28029	0.0192049	0.235626	0.00700757
787	1.27375	0.0190424	0.234762	0.00697186
788	1.26727	0.018882	0.233904	0.00693645
789	1.26085	0.0187236	0.233052	0.00690134
790	1.25448	0.0185674	0.232205	0.00686654
791	1.24817	0.0184132	0.231363	0.00683205
792	1.24192	0.0182611	0.230527	0.00679785
793	1.23572	0.0181109	0.229696	0.00676396
794	1.22958	0.0179627	0.228871	0.00673037
795	1.22349	0.0178165	0.228052	0.00669707
796	1.21746	0.0176721	0.227237	0.00666406
797	1.21148	0.0175297	0.226429	0.00663136
798	1.20556	0.0173892	0.225626	0.00659894
799	1.19969	0.0172505	0.224828	0.00656681
800	1.19388	0.0171136	0.224036	0.00653497
801	1.18812	0.0169785	0.223249	0.00650342
802	1.18241	0.0168452	0.222468	0.00647216
803	1.17675	0.0167137	0.221692	0.00644118
804	1.17115	0.0165839	0.220921	0.00641048
805	1.1656	0.0164558	0.220157	0.00638006
806	1.1601	0.0163294	0.219397	0.00634992
807	1.15466	0.0162047	0.218643	0.00632005
808	1.14926	0.0160817	0.217895	0.00629046
809	1.14391	0.0159602	0.217151	0.00626115
810	1.13862	0.0158404	0.216414	0.0062321
811	1.13338	0.0157221	0.215681	0.00620333
812	1.12818	0.0156054	0.214954	0.00617482
813	1.12304	0.0154903	0.214233	0.00614658
814	1.11794	0.0153766	0.213517	0.00611861
815	1.11289	0.0152645	0.212806	0.00609089
816	1.1079	0.0151539	0.2121	0.00606344
817	1.10295	0.0150447	0.2114	0.00603625
818	1.09804	0.014937	0.210705	0.00600931
819	1.09319	0.0148306	0.210016	0.00598263
820	1.08838	0.0147257	0.209331	0.00595621
821	1.08362	0.0146222	0.208652	0.00593003
822	1.0789	0.0145201	0.207978	0.00590411
823	1.07423	0.0144193	0.20731	0.00587843
824	1.06961	0.0143198	0.206647	0.005853
825	1.06503	0.0142216	0.205989	0.00582782
826	1.0605	0.0141248	0.205336	0.00580288
827	1.05601	0.0140292	0.204688	0.00577818
828	1.05156	0.0139349	0.204045	0.00575372
829	1.04716	0.0138418	0.203408	0.0057295
830	1.04281	0.01375	0.202776	0.00570551
831	1.03849	0.0136594	0.202148	0.00568176
832	1.03422	0.01357	0.201526	0.00565824
833	1.02999	0.0134817	0.200909	0.00563496
834	1.02581	0.0133946	0.200297	0.0056119
835	1.02166	0.0133087	0.19969	0.00558907
836	1.01756	0.0132239	0.199088	0.00556646
837	1.0135	0.0131402	0.198491	0.00554408
838	1.00948	0.0130577	0.197899	0.00552193
839	1.0055	0.0129762	0.197312	0.00549999
840	1.00156	0.0128958	0.19673	0.00547827
841	0.997665	0.0128164	0.196153	0.00545677
842	0.993806	0.0127381	0.195581	0.00543549
843	0.989986	0.0126609	0.195013	0.00541442
844	0.986206	0.0125847	0.194451	0.00539356
845	0.982465	0.0125094	0.193893	0.00537292
846	0.978762	0.0124352	0.19334	0.00535248
847	0.975097	0.0123619	0.192792	0.00533225
848	0.97147	0.0122896	0.192248	0.00531223
849	0.967881	0.0122183	0.19171	0.00529242
850	0.964329	0.0121479	0.191176	0.0052728
851	0.960814	0.0120785	0.190647	0.00525339
852	0.957336	0.0120099	0.190122	0.00523418
853	0.953894	0.0119423	0.189603	0.00521517
854	0.950488	0.0118756	0.189088	0.00519635
855	0.947119	0.0118097	0.188577	0.00517773
856	0.943785	0.0117447	0.188071	0.00515931
857	0.940486	0.0116806	0.18757	0.00514107
858	0.937222	0.0116174	0.187073	0.00512303
859	0.933993	0.0115549	0.186581	0.00510518
860	0.930798	0.0114933	0.186094	0.00508752
861	0.927638	0.0114326	0.18561	0.00507004
862	0.924511	0.0113726	0.185132	0.00505275
863	0.921419	0.0113134	0.184658	0.00503564
864	0.918359	0.011255	0.184188	0.00501872
865	0.915333	0.0111974	0.183723	0.00500198
866	0.91234	0.0111406	0.183262	0.00498542
867	0.909379	0.0110845	0.182806	0.00496903
868	0.906451	0.0110292	0.182353	0.00495283
869	0.903555	0.0109746	0.181906	0.0049368
870	0.90069	0.0109207	0.181462	0.00492094
871	0.897858	0.0108676	0.181023	0.00490526
872	0.895056	0.0108152	0.180588	0.00488975
873	0.892286	0.0107634	0.180158	0.00487441
874	0.889547	0.0107124	0.179732	0.00485924
875	0.886839	0.0106621	0.17931	0.00484424
876	0.884161	0.0106124	0.178892	0.00482941
877	0.881513	0.0105634	0.178478	0.00481474
878	0.878895	0.0105151	0.178069	0.00480023
879	0.876307	0.0104674	0.177663	0.00478589
880	0.873749	0.0104204	0.177262	0.00477172
881	0.87122	0.010374	0.176865	0.0047577
882	0.868719	0.0103283	0.176472	0.00474384
883	0.866248	0.0102832	0.176083	0.00473015
884	0.863806	0.0102387	0.175698	0.00471661
885	0.861392	0.0101948	0.175318	0.00470322
886	0.859006	0.0101515	0.174941	0.00469
887	0.856648	0.0101088	0.174568	0.00467692
888	0.854318	0.0100667	0.174199	0.004664
889	0.852016	0.0100251	0.173834	0.00465123
890	0.849741	0.00998419	0.173474	0.00463862
891	0.847494	0.00994381	0.173117	0.00462615
892	0.845274	0.009904	0.172764	0.00461383
893	0.84308	0.00986474	0.172415	0.00460166
894	0.840913	0.00982603	0.172069	0.00458964
895	0.838773	0.00978787	0.171728	0.00457776
896	0.836658	0.00975025	0.17139	0.00456603
897	0.83457	0.00971316	0.171057	0.00455444
898	0.832508	0.00967659	0.170727	0.004543
899	0.830472	0.00964055	0.170401	0.0045317
900	0.828461	0.00960503	0.170078	0.00452054
901	0.826476	0.00957001	0.16976	0.00450952
902	0.824516	0.0095355	0.169445	0.00449863
903	0.822581	0.00950149	0.169134	0.00448789
904	0.820671	0.00946798	0.168827	0.00447729
905	0.818785	0.00943495	0.168523	0.00446682
906	0.816925	0.00940241	0.168223	0.00445648
907	0.815088	0.00937035	0.167927	0.00444628
908	0.813276	0.00933876	0.167634	0.00443622
909	0.811488	0.00930765	0.167345	0.00442629
910	0.809724	0.009277	0.16706	0.00441649
911	0.807984	0.00924681	0.166778	0.00440682
912	0.806267	0.00921707	0.1665	0.00439729
913	0.804574	0.00918779	0.166225	0.00438788
914	0.802904	0.00915895	0.165954	0.0043786
915	0.801258	0.00913056	0.165686	0.00436945
916	0.799634	0.00910261	0.165422	0.00436043
917	0.798034	0.00907509	0.165162	0.00435154
918	0.796456	0.009048	0.164905	0.00434277
919	0.794901	0.00902134	0.164651	0.00433413
920	0.793368	0.0089951	0.164401	0.00432561
921	0.791858	0.00896928	0.164155	0.00431722
922	0.79037	0.00894387	0.163912	0.00430894
923	0.788904	0.00891888	0.163672	0.0043008
924	0.78746	0.00889429	0.163436	0.00429277
925	0.786038	0.00887011	0.163203	0.00428487
926	0.784638	0.00884632	0.162974	0.00427708
927	0.78326	0.00882294	0.162748	0.00426942
928	0.781903	0.00879995	0.162525	0.00426187
929	0.780567	0.00877735	0.162306	0.00425445
930	0.779253	0.00875513	0.16209	0.00424714
931	0.77796	0.0087333	0.161877	0.00423995
932	0.776688	0.00871185	0.161668	0.00423287
933	0.775437	0.00869078	0.161462	0.00422592
934	0.774206	0.00867009	0.161259	0.00421907
935	0.772997	0.00864976	0.16106	0.00421235
936	0.771808	0.00862981	0.160864	0.00420573
937	0.77064	0.00861022	0.160671	0.00419924
938	0.769492	0.00859099	0.160482	0.00419285
939	0.768365	0.00857212	0.160295	0.00418658
940	0.767258	0.00855362	0.160112	0.00418042
941	0.766171	0.00853546	0.159933	0.00417437
942	0.765104	0.00851767	0.159756	0.00416844
943	0.764057	0.00850022	0.159583	0.00416261
944	0.76303	0.00848311	0.159413	0.0041569
945	0.762022	0.00846636	0.159246	0.00415129
946	0.761035	0.00844995	0.159082	0.0041458
947	0.760067	0.00843387	0.158921	0.00414041
948	0.759119	0.00841814	0.158764	0.00413514
949	0.75819	0.00840274	0.15861	0.00412997
950	0.75728	0.00838768	0.158459	0.00412491
951	0.75639	0.00837295	0.158311	0.00411995
952	0.755519	0.00835855	0.158166	0.00411511
953	0.754667	0.00834448	0.158024	0.00411037
954	0.753835	0.00833073	0.157885	0.00410573
955	0.753021	0.00831731	0.15775	0.00410121
956	0.752227	0.00830422	0.157618	0.00409678
957	0.751451	0.00829144	0.157488	0.00409246
958	0.750694	0.00827898	0.157362	0.00408825
959	0.749956	0.00826684	0.157239	0.00408414
960	0.749236	0.00825501	0.157119	0.00408014
961	0.748536	0.0082435	0.157002	0.00407624
962	0.747853	0.0082323	0.156888	0.00407244
963	0.74719	0.00822141	0.156777	0.00406875
964	0.746544	0.00821083	0.15667	0.00406515
965	0.745918	0.00820056	0.156565	0.00406167
966	0.745309	0.0081906	0.156463	0.00405828
967	0.744719	0.00818094	0.156364	0.00405499
968	0.744147	0.00817159	0.156269	0.00405181
969	0.743594	0.00816254	0.156176	0.00404873
970	0.743058	0.00815379	0.156086	0.00404575
971	0.742541	0.00814534	0.156	0.00404287
972	0.742042	0.00813719	0.155916	0.00404009
973	0.74156	0.00812933	0.155836	0.00403741
974	0.741097	0.00812178	0.155758	0.00403483
975	0.740652	0.00811452	0.155683	0.00403235
976	0.740225	0.00810755	0.155612	0.00402997
977	0.739815	0.00810088	0.155543	0.00402769
978	0.739424	0.00809451	0.155477	0.00402551
979	0.73905	0.00808842	0.155415	0.00402343
980	0.738694	0.00808263	0.155355	0.00402145
981	0.738356	0.00807713	0.155298	0.00401956
982	0.738035	0.00807192	0.155245	0.00401778
983	0.737733	0.008067	0.155194	0.00401609
984	0.737448	0.00806236	0.155146	0.00401451
985	0.73718	0.00805802	0.155101	0.00401302
986	0.73693	0.00805396	0.155059	0.00401163
987	0.736698	0.00805019	0.15502	0.00401033
988	0.736484	0.0080467	0.154984	0.00400914
989	0.736287	0.00804351	0.154951	0.00400804
990	0.736107	0.00804059	0.154921	0.00400704
991	0.735945	0.00803797	0.154894	0.00400614
992	0.735801	0.00803562	0.154869	0.00400534
993	0.735674	0.00803357	0.154848	0.00400463
994	0.735565	0.00803179	0.15483	0.00400402
995	0.735473	0.0080303	0.154814	0.00400351
996	0.735399	0.0080291	0.154802	0.0040031
997	0.735342	0.00802818	0.154792	0.00400278
998	0.735303	0.00802754	0.154786	0.00400256
999	0.735281	0.00802719	0.154782	0.00400244
